09 00 00 00
00 00 00 00
01 00 00 00
02 00 00 00
03 00 00 00
21 00 00 00
03 00 00 00
0b 00 00 00
54 68 65 20
4b 65 73 74
72 65 6c 10
00 00 00 50
4c 41 59 45
52 5f 53 48
49 50 5f 48
41 52 44 01
00 00 00 00
00 00 00 04
00 00 00 0a
00 00 00 66
69 72 65 64
5f 73 68 6f
74 1a 00 00
00 06 00 00
00 68 69 67
68 6f 32 01
00 00 00 06
00 00 00 6e
65 62 75 6c
61 04 00 00
00 0c 00 00
00 75 73 65
64 5f 6d 69
73 73 69 6c
65 02 00 00
00 10 00 00
00 50 4c 41
59 45 52 5f
53 48 49 50
5f 48 41 52
44 0b 00 00
00 54 68 65
20 4b 65 73
74 72 65 6c
07 00 00 00
6b 65 73 74
72 61 6c 03
00 00 00 05
00 00 00 68
75 6d 61 6e
07 00 00 00
4c 69 75 20
4a 75 6e 05
00 00 00 68
75 6d 61 6e
06 00 00 00
48 65 63 74
6f 72 05 00
00 00 68 75
6d 61 6e 05
00 00 00 52
6f 70 65 72
01 00 00 00
08 4c 01 00
00 00 00 00
00 00 00 00
19 00 00 00
10 00 00 00
03 00 00 00
08 00 00 00
2b 00 00 00
03 00 00 00
07 00 00 00
4c 69 75 20
4a 75 6e 05
00 00 00 68
75 6d 61 6e
00 00 00 00
64 00 00 00
fb 01 00 00
9d 00 00 00
00 00 00 00
00 00 00 00
01 00 00 00
00 00 00 00
ff ff ff ff
02 00 00 00
00 00 00 00
03 00 00 00
00 00 00 00
00 00 00 00
00 00 00 00
01 00 00 00
00 00 00 00
00 00 00 00
00 00 00 00
00 00 00 00
00 00 00 00
01 00 00 00
00 00 00 00
00 00 00 00
02 00 00 00
02 00 00 00
00 00 00 00
00 00 00 00
00 00 00 00
ff ff ff ff
e8 03 00 00
00 00 00 00
02 00 00 00
00 00 00 00
00 00 00 00
00 00 00 00
00 00 00 00
00 00 00 00
00 00 00 00
00 00 00 00
00 00 00 00
00 00 00 00
00 00 00 00
00 00 00 00
00 00 00 00
00 00 00 00
01 00 00 00
00 00 00 00
00 00 00 00
00 00 00 00
e8 03 00 00
00 00 00 00
00 00 00 00
00 00 00 00
06 00 00 00
48 65 63 74
6f 72 05 00
00 00 68 75
6d 61 6e 00
00 00 00 55
00 00 00 34
00 00 00 c0
00 00 00 0e
00 00 00 02
00 00 00 01
00 00 00 00
00 00 00 ff
ff ff ff 02
00 00 00 00
00 00 00 02
00 00 00 00
00 00 00 02
00 00 00 0e
00 00 00 00
00 00 00 01
00 00 00 00
00 00 00 00
00 00 00 02
00 00 00 00
00 00 00 01
00 00 00 02
00 00 00 00
00 00 00 00
00 00 00 02
00 00 00 00
00 00 00 00
00 00 00 00
00 00 00 ff
ff ff ff e8
03 00 00 00
00 00 00 02
00 00 00 00
00 00 00 00
00 00 00 00
00 00 00 00
00 00 00 00
00 00 00 00
00 00 00 00
00 00 00 00
00 00 00 00
00 00 00 00
00 00 00 00
00 00 00 00
00 00 00 00
00 00 00 01
00 00 00 00
00 00 00 00
00 00 00 00
00 00 00 e8
03 00 00 00
00 00 00 00
00 00 00 00
00 00 00 05
00 00 00 52
6f 70 65 72
05 00 00 00
68 75 6d 61
6e 00 00 00
00 64 00 00
00 c0 00 00
00 9d 00 00
00 0a 00 00
00 01 00 00
00 01 00 00
00 00 00 00
00 ff ff ff
ff 02 00 00
00 00 00 00
00 01 00 00
00 00 00 00
00 01 00 00
00 0a 00 00
00 00 00 00
00 00 00 00
00 00 00 00
00 0a 00 00
00 00 00 00
00 00 00 00
00 01 00 00
00 00 00 00
00 00 00 00
00 00 00 00
00 02 00 00
00 00 00 00
00 00 00 00
00 00 00 00
00 ff ff ff
ff e8 03 00
00 00 00 00
00 02 00 00
00 00 00 00
00 00 00 00
00 00 00 00
00 00 00 00
00 00 00 00
00 00 00 00
00 00 00 00
00 00 00 00
00 00 00 00
00 00 00 00
00 00 00 00
00 00 00 00
00 00 00 00
00 01 00 00
00 00 00 00
00 00 00 00
00 00 00 00
00 e8 03 00
00 00 00 00
00 00 00 00
00 00 00 00
00 08 00 00
00 02 00 00
00 02 00 00
00 00 00 00
00 00 00 00
00 00 00 00
00 00 00 00
00 00 00 00
00 00 00 00
00 00 00 00
00 00 00 00
00 e8 03 00
00 00 00 00
00 01 00 00
00 02 00 00
00 02 00 00
00 00 00 00
00 00 00 00
00 00 00 00
00 00 00 00
00 00 00 00
00 00 00 00
00 00 00 00
00 00 00 00
00 e8 03 00
00 00 00 00
00 01 00 00
00 01 00 00
00 00 00 00
00 00 00 00
00 00 00 00
00 00 00 00
00 00 00 00
00 00 00 00
00 00 00 00
00 00 00 00
00 00 00 00
00 e8 03 00
00 00 00 00
00 01 00 00
00 03 00 00
00 03 00 00
00 00 00 00
00 00 00 00
00 00 00 00
00 00 00 00
00 00 00 00
00 00 00 00
00 00 00 00
00 00 00 00
00 e8 03 00
00 00 00 00
00 01 00 00
00 00 00 00
00 01 00 00
00 01 00 00
00 00 00 00
00 00 00 00
00 00 00 00
00 00 00 00
00 00 00 00
00 00 00 00
00 00 00 00
00 00 00 00
00 e8 03 00
00 00 00 00
00 01 00 00
00 01 00 00
00 01 00 00
00 00 00 00
00 00 00 00
00 00 00 00
00 00 00 00
00 00 00 00
00 00 00 00
00 00 00 00
00 00 00 00
00 e8 03 00
00 00 00 00
00 01 00 00
00 01 00 00
00 01 00 00
00 00 00 00
00 00 00 00
00 00 00 00
00 00 00 00
00 00 00 00
00 00 00 00
00 00 00 00
00 00 00 00
00 e8 03 00
00 00 00 00
00 01 00 00
00 01 00 00
00 01 00 00
00 00 00 00
00 00 00 00
00 00 00 00
00 00 00 00
00 00 00 00
00 00 00 00
00 00 00 00
00 00 00 00
00 e8 03 00
00 00 00 00
00 01 00 00
00 00 00 00
00 00 00 00
00 00 00 00
00 00 00 00
00 00 00 00
00 00 00 00
00 00 00 00
00 01 00 00
00 00 00 00
00 00 00 00
00 00 00 00
00 00 00 00
00 00 00 00
00 01 00 00
00 e8 03 00
00 00 00 00
00 00 00 00
00 d4 4e 01
00 13 bc ff
ff 31 00 00
00 00 00 00
00 00 00 00
00 ff ff ff
ff 00 00 00
00 00 00 00
00 ff ff ff
ff 00 00 00
00 01 00 00
00 31 00 00
00 00 00 00
00 00 00 00
00 ff ff ff
ff 00 00 00
00 00 00 00
00 ff ff ff
ff 00 00 00
00 00 00 00
00 ff ff ff
ff 00 00 00
00 00 00 00
00 ff ff ff
ff ff ff ff
ff 04 00 00
00 31 00 00
00 00 00 00
00 00 00 00
00 ff ff ff
ff 00 00 00
00 00 00 00
00 ff ff ff
ff 01 00 00
00 02 00 00
00 31 00 00
00 00 00 00
00 00 00 00
00 ff ff ff
ff 00 00 00
00 00 00 00
00 ff ff ff
ff 01 00 00
00 00 00 00
00 31 00 00
00 00 00 00
00 00 00 00
00 ff ff ff
ff 00 00 00
00 00 00 00
00 ff ff ff
ff 00 00 00
00 00 00 00
00 ff ff ff
ff 00 00 00
00 00 00 00
00 ff ff ff
ff ff ff ff
ff 04 00 00
00 31 00 00
00 00 00 00
00 00 00 00
00 ff ff ff
ff 00 00 00
00 00 00 00
00 ff ff ff
ff 00 00 00
00 00 00 00
00 ff ff ff
ff 00 00 00
00 00 00 00
00 ff ff ff
ff 00 00 00
00 03 00 00
00 31 00 00
00 00 00 00
00 00 00 00
00 ff ff ff
ff 00 00 00
00 00 00 00
00 ff ff ff
ff ff ff ff
ff 04 00 00
00 31 00 00
00 00 00 00
00 00 00 00
00 ff ff ff
ff 00 00 00
00 00 00 00
00 ff ff ff
ff 00 00 00
00 00 00 00
00 ff ff ff
ff 00 00 00
00 00 00 00
00 ff ff ff
ff ff ff ff
ff 04 00 00
00 31 00 00
00 00 00 00
00 00 00 00
00 ff ff ff
ff 00 00 00
00 00 00 00
00 ff ff ff
ff 00 00 00
00 00 00 00
00 ff ff ff
ff 00 00 00
00 00 00 00
00 ff ff ff
ff ff ff ff
ff 04 00 00
00 31 00 00
00 00 00 00
00 00 00 00
00 ff ff ff
ff 00 00 00
00 00 00 00
00 ff ff ff
ff ff ff ff
ff 04 00 00
00 31 00 00
00 00 00 00
00 00 00 00
00 ff ff ff
ff 00 00 00
00 00 00 00
00 ff ff ff
ff 00 00 00
00 00 00 00
00 ff ff ff
ff 00 00 00
00 00 00 00
00 ff ff ff
ff 01 00 00
00 02 00 00
00 31 00 00
00 00 00 00
00 00 00 00
00 ff ff ff
ff 00 00 00
00 00 00 00
00 ff ff ff
ff ff ff ff
ff 04 00 00
00 31 00 00
00 00 00 00
00 00 00 00
00 ff ff ff
ff 00 00 00
00 00 00 00
00 ff ff ff
ff ff ff ff
ff 04 00 00
00 31 00 00
00 00 00 00
00 00 00 00
00 ff ff ff
ff 00 00 00
00 00 00 00
00 ff ff ff
ff ff ff ff
ff 04 00 00
00 31 00 00
00 00 00 00
00 00 00 00
00 ff ff ff
ff 00 00 00
00 00 00 00
00 ff ff ff
ff 00 00 00
00 00 00 00
00 ff ff ff
ff 00 00 00
00 00 00 00
00 ff ff ff
ff 02 00 00
00 00 00 00
00 31 00 00
00 00 00 00
00 00 00 00
00 ff ff ff
ff 00 00 00
00 00 00 00
00 ff ff ff
ff ff ff ff
ff 04 00 00
00 31 00 00
00 00 00 00
00 00 00 00
00 ff ff ff
ff 00 00 00
00 00 00 00
00 ff ff ff
ff ff ff ff
ff 04 00 00
00 00 00 00
00 04 00 00
00 04 00 00
00 04 00 00
00 00 00 00
00 00 00 00
00 00 00 00
00 00 00 00
00 04 00 00
00 04 00 00
00 04 00 00
00 00 00 00
00 00 00 00
00 00 00 00
00 00 00 00
00 04 00 00
00 04 00 00
00 04 00 00
00 00 00 00
00 00 00 00
00 00 00 00
00 00 00 00
00 04 00 00
00 04 00 00
00 04 00 00
00 00 00 00
00 00 00 00
00 00 00 00
00 00 00 00
00 04 00 00
00 04 00 00
00 04 00 00
00 00 00 00
00 00 00 00
00 00 00 00
00 00 00 00
00 04 00 00
00 04 00 00
00 04 00 00
00 00 00 00
00 00 00 00
00 00 00 00
00 00 00 00
00 04 00 00
00 04 00 00
00 04 00 00
00 00 00 00
00 00 00 00
00 00 00 00
00 00 00 00
00 04 00 00
00 04 00 00
00 04 00 00
00 00 00 00
00 00 00 00
00 00 00 00
00 00 00 00
00 04 00 00
00 04 00 00
00 04 00 00
00 00 00 00
00 00 00 00
00 00 00 00
00 00 00 00
00 04 00 00
00 04 00 00
00 04 00 00
00 00 00 00
00 00 00 00
00 00 00 00
00 00 00 00
00 04 00 00
00 04 00 00
00 04 00 00
00 00 00 00
00 00 00 00
00 00 00 00
00 00 00 00
00 04 00 00
00 04 00 00
00 04 00 00
00 00 00 00
00 00 00 00
00 00 00 00
00 00 00 00
00 04 00 00
00 04 00 00
00 04 00 00
00 00 00 00
00 00 00 00
00 00 00 00
00 00 00 00
00 04 00 00
00 04 00 00
00 04 00 00
00 00 00 00
00 00 00 00
00 00 00 00
00 00 00 00
00 04 00 00
00 04 00 00
00 04 00 00
00 00 00 00
00 00 00 00
00 00 00 00
00 00 00 00
00 04 00 00
00 04 00 00
00 04 00 00
00 00 00 00
00 00 00 00
00 00 00 00
00 00 00 00
00 04 00 00
00 04 00 00
00 04 00 00
00 00 00 00
00 00 00 00
00 00 00 00
00 00 00 00
00 04 00 00
00 04 00 00
00 04 00 00
00 00 00 00
00 00 00 00
00 00 00 00
00 00 00 00
00 04 00 00
00 04 00 00
00 04 00 00
00 00 00 00
00 00 00 00
00 00 00 00
00 00 00 00
00 04 00 00
00 04 00 00
00 04 00 00
00 00 00 00
00 00 00 00
00 00 00 00
00 00 00 00
00 04 00 00
00 04 00 00
00 04 00 00
00 00 00 00
00 00 00 00
00 00 00 00
00 00 00 00
00 04 00 00
00 04 00 00
00 04 00 00
00 00 00 00
00 00 00 00
00 00 00 00
00 00 00 00
00 04 00 00
00 04 00 00
00 04 00 00
00 00 00 00
00 00 00 00
00 00 00 00
00 00 00 00
00 04 00 00
00 04 00 00
00 04 00 00
00 00 00 00
00 00 00 00
00 00 00 00
00 00 00 00
00 04 00 00
00 04 00 00
00 04 00 00
00 00 00 00
00 00 00 00
00 00 00 00
00 00 00 00
00 04 00 00
00 04 00 00
00 04 00 00
00 00 00 00
00 00 00 00
00 00 00 00
00 00 00 00
00 00 00 00
00 00 00 00
00 02 00 00
00 11 00 00
00 4d 49 53
53 49 4c 45
53 5f 32 5f
50 4c 41 59
45 52 01 00
00 00 0d 00
00 00 4c 41
53 45 52 5f
42 55 52 53
54 5f 33 01
00 00 00 00
00 00 00 00
00 00 00 00
00 00 00 3a
01 eb 44 56
e0 73 53 81
fc ff ff 01
01 00 00 00
00 00 00 09
00 00 00 00
00 00 00 ff
ff ff ff 00
00 00 00 00
00 00 00 00
00 00 00 00
00 00 00 00
00 00 00 00
00 00 00 00
00 00 00 15
00 00 00 01
00 00 00 00
00 00 00 00
00 00 00 00
00 00 00 00
00 00 00 00
00 00 00 00
00 00 00 00
00 00 00 00
00 00 00 00
00 00 00 00
00 00 00 00
00 00 00 00
00 00 00 00
00 00 00 00
00 00 00 00
00 00 00 00
00 00 00 00
00 00 00 00
00 00 00 00
00 00 00 00
00 00 00 00
00 00 00 00
00 00 00 18
00 00 00 00
00 00 00 00
00 00 00 00
00 00 00 00
00 00 00 00
00 00 00 00
00 00 00 00
00 00 00 00
00 00 00 00
00 00 00 00
00 00 00 00
00 00 00 00
00 00 00 00
00 00 00 01
00 00 00 00
00 00 00 00
00 00 00 00
00 00 00 00
00 00 00 01
00 00 00 17
00 00 00 73
74 61 72 73
2f 62 67 5f
64 61 72 6b
6e 65 62 75
6c 61 2e 70
6e 67 18 00
00 00 73 74
61 72 73 2f
70 6c 61 6e
65 74 5f 62
69 67 62 6c
75 65 2e 70
6e 67 cf 02
00 00 b6 00
00 00 00 00
00 00 01 00
00 00 00 00
00 00 00 00
00 00 00 00
00 00 00 00
00 00 00 00
00 00 01 00
00 00 00 00
00 00 00 00
00 00 00 00
00 00 00 00
00 00 00 00
00 00 01 00
00 00 00 00
00 00 00 00
00 00 00 00
00 00 00 00
00 00 01 00
00 00 1a 00
00 00 73 74
61 72 73 2f
62 67 5f 6c
6f 6e 65 6c
79 52 65 64
53 74 61 72
2e 70 6e 67
16 00 00 00
73 74 61 72
73 2f 70 6c
61 6e 65 74
5f 70 65 61
63 68 2e 70
6e 67 5d 01
00 00 a2 00
00 00 00 00
00 00 01 00
00 00 00 00
00 00 00 00
00 00 00 00
00 00 00 00
00 00 00 00
00 00 01 00
00 00 00 00
00 00 00 00
00 00 00 00
00 00 00 00
00 00 00 00
00 00 01 00
00 00 00 00
00 00 00 00
00 00 00 00
00 00 00 00
00 00 01 00
00 00 17 00
00 00 73 74
61 72 73 2f
62 67 5f 64
61 72 6b 6e
65 62 75 6c
61 2e 70 6e
67 19 00 00
00 73 74 61
72 73 2f 70
6c 61 6e 65
74 5f 67 61
73 5f 62 6c
75 65 2e 70
6e 67 a1 00
00 00 94 00
00 00 b4 00
00 00 01 00
00 00 00 00
00 00 00 00
00 00 00 00
00 00 00 00
00 00 00 00
00 00 01 00
00 00 00 00
00 00 00 00
00 00 00 00
00 00 00 00
00 00 00 00
00 00 01 00
00 00 00 00
00 00 00 00
00 00 00 00
00 00 00 00
00 00 00 00
00 00 01 00
00 00 00 00
00 00 00 00
00 00 00 00
00 00 00 00
00 00 00 00
00 00 01 00
00 00 00 00
00 00 00 00
00 00 00 00
00 00 00 00
00 00 00 00
00 00 01 00
00 00 00 00
00 00 00 00
00 00 00 00
00 00 00 00
00 00 00 00
00 00 00 00
00 00 00 00
00 00 00 00
00 00 00 00
00 00 00 00
00 00 00 00
00 00 00 00
00 00 00 00
00 00 00 00
00 00 00 00
00 00 00 00
00 00 00 00
00 00 00 00
00 00 00 00
00 00 00 00
00 00 00 00
00 00 00 00
00 00 00 00
00 00 00 00
00 00 00 00
00 00 00 00
00 00 00 00
00 00 00 00
00 00 00 00
00 00 00 00
00 00 00 00
00 00 00 00
00 00 00 00
00 00 00 00
00 00 00 00
00 00 00 00
00 00 00 00
00 00 00 00
00 00 00 00
00 00 00 00
00 00 00 00
00 00 00 00
00 00 00 00
00 00 00 00
00 00 00 00
00 00 00 00
00 00 00 00
00 00 00 00
00 00 00 00
00 00 00 00
00 00 00 00
00 00 00 00
00 00 00 00
00 00 00 00
00 00 00 00
00 00 00 00
00 00 00 00
00 00 00 00
00 00 00 00
00 00 00 00
00 00 01 00
00 00 c7 87
9a 0d 00 00
00 00 00 00
00 00 20 00
00 00 50 49
52 41 54 45
5f 4e 4f 5f
45 53 43 41
50 45 20 64
65 73 74 72
6f 79 65 64
20 20 31 32
33 33 20 00
00 00 50 49
52 41 54 45
5f 4e 4f 5f
45 53 43 41
50 45 20 64
65 61 64 20
63 72 65 77
20 20 31 32
33 32 00 00
00 00 20 00
00 00 50 49
52 41 54 45
5f 4e 4f 5f
45 53 43 41
50 45 20 64
65 73 74 72
6f 79 65 64
20 20 31 32
33 33 7f 00
00 00 57 69
74 68 20 74
68 65 20 70
69 72 61 74
65 20 73 68
69 70 20 64
65 73 74 72
6f 79 65 64
2c 20 79 6f
75 72 20 73
68 69 70 27
73 20 73 79
73 74 65 6d
20 69 73 20
72 65 73 74
6f 72 65 64
20 74 6f 20
66 75 6c 6c
20 66 75 6e
63 74 69 6f
6e 61 6c 69
74 79 2e 20
59 6f 75 20
73 61 6c 76
61 67 65 20
77 68 61 74
20 79 6f 75
20 63 61 6e
20 66 72 6f
6d 20 74 68
65 20 64 65
62 72 69 73
2e ff ff ff
ff 01 00 00
00 00 00 00
00 00 00 00
00 00 00 00
00 00 00 00
00 00 00 00
00 02 00 00
00 00 00 00
00 00 00 00
00 00 00 00
00 00 00 00
00 00 00 00
00 02 00 00
00 ac 26 00
00 ac 26 00
00 00 00 00
00 00 00 00
00 00 00 00
00 01 00 00
00 00 00 00
00 00 00 00
00 00 00 00
00 00 00 00
00 01 00 00
00 01 00 00
00 00 00 00
00 01 00 00
00 4d 01 00
00 e8 03 00
00 00 00 00
00 00 00 00
00 e8 03 00
00 00 00 00
00 00 00 00
00 ff ff ff
ff 00 00 00
00 00 00 00
00 00 00 00
00 00 00 00
00 e8 03 00
00 18 fc ff
ff 18 fc ff
ff ff ff ff
ff 00 00 00
00 2f 2a 00
00 2f 2a 00
00 00 00 00
00 00 00 00
00 00 00 00
00 01 00 00
00 00 00 00
00 00 00 00
00 00 00 00
00 00 00 00
00 01 00 00
00 01 00 00
00 00 00 00
00 05 00 00
00 a0 01 00
00 e8 03 00
00 00 00 00
00 00 00 00
00 e8 03 00
00 00 00 00
00 00 00 00
00 ff ff ff
ff 00 00 00
00 00 00 00
00 00 00 00
00 00 00 00
00 e8 03 00
00 18 fc ff
ff 18 fc ff
ff ff ff ff
ff 00 00 00
00 00 00 00
00 00 00 00
00 00 00 00
00 00 00 00
00 01 00 00
00 30 75 00
00 00 00 00
00 00 00 00
00